A = [[1, 0.17, -0.25, 0.54]; [0.47, 1, 0.67, -0.32]; [-0.11, 0.35, 1, -0.74]; [0.55, 0.43, 0.36, 1]];
b = [0.30, 0.50, 0.70, 0.90]';
X = A\b